Temperature (K), Density (kg/m^3), Cp (kJ/kg*K), mu*10^7 (N*s/m^2), nu*10^6 (m^2/s), k*10^3 (W/mK), alpha*10^6(m^2/s), Pr
300 0.6894 2.158 101.5 14.7 24.7 16.6 0.887
320 0.6448 2.170 109 16.9 27.2 19.4 0.870
340 0.6059 2.192 116.5 19.2 29.3 22.1 0.872
360 0.5716 2.221 124 21.7 31.6 24.9 0.872
380 0.5410 2.254 131 24.2 34.0 27.9 0.869
400 0.5136 2.287 138 26.9 37.0 31.5 0.853
420 0.4888 2.322 145 29.7 40.4 35.6 0.833
440 0.4664 2.357 152.5 32.7 43.5 39.6 0.826
460 0.4460 2.393 159 35.7 46.3 43.4 0.822
480 0.4273 2.430 166.5 39.0 49.2 47.4 0.822

500 0.4101 2.467 173 42.2 52.5 51.9 0.813
520 0.3942 2.504 180 45.7 54.5 55.2 0.827
540 0.3795 2.540 186.5 49.1 57.5 59.7 0.824
560 0.3708 2.577 193 52.0 60.6 63.4 0.827
580 0.3533 2.613 199.5 56.5 63.8 69.1 0.817